Variant input7b
b
1 2 3 4 
A
7.8 -4.1 -0.4 -4.4 
-4.1 5.5 1.2 0.2 
-0.4 1.2 9.2 -1.6 
-4.4 0.2 -1.6 9.9 
Third norm of a matrix 14.3417

Simple iteration method
                        | Discrepancy |  Error    |
Itr |    tau   |  q     | Norm        |  Estimate |     x[1]      x[2]      x[3]      x[4]
1 | 0.1255080 | 0.9225221 | 26.9158509 | 60.1639904 | 3.5352614 0.8327757 0.4647386 0.6363859
2 | 0.1255080 | 0.6685626 | 20.9613924 | 6.8142804 | 1.0031797 2.2421478 0.4844931 2.3724069
3 | 0.1255080 | 0.7787750 | 16.7091459 | 9.2612445 | 2.6348328 1.3291212 0.4906692 0.5216563
4 | 0.1255080 | 0.7971391 | 13.3611716 | 8.2406496 | 1.1775917 1.9314985 0.3374843 1.8957320
5 | 0.1255080 | 0.7996322 | 10.6886313 | 6.6923454 | 2.2080303 1.3567669 0.4732280 0.7118568
6 | 0.1255080 | 0.7999771 | 8.5511963 | 5.3652664 | 1.2869986 1.7182878 0.3527862 1.6097111
7 | 0.1255080 | 0.8000272 | 6.8412606 | 4.2937050 | 1.9434348 1.3519081 0.4510287 0.8500682
8 | 0.1255080 | 0.8000355 | 5.4732661 | 3.4352936 | 1.3541426 1.5805008 0.3714227 1.4257360
9 | 0.1255080 | 0.8000377 | 4.3788260 | 2.7484013 | 1.7732826 1.3455970 0.4353244 0.9389680
10 | 0.1255080 | 0.8000389 | 3.5032364 | 2.1988456 | 1.3956206 1.4911225 0.3841122 1.3072160
11 | 0.1255080 | 0.8000401 | 2.8027337 | 1.7591775 | 1.6633488 1.3403237 0.4251049 0.9954099
12 | 0.1255080 | 0.8000413 | 2.2423061 | 1.4074251 | 1.4212504 1.4330417 0.3923023 1.2308980
13 | 0.1255080 | 0.8000425 | 1.7939430 | 1.1260084 | 1.5922664 1.3362066 0.4185467 1.0311755
14 | 0.1255080 | 0.8000438 | 1.4352352 | 0.9008631 | 1.4370582 1.3952788 0.3975504 1.1817560
15 | 0.1255080 | 0.8000450 | 1.1482547 | 0.7207368 | 1.5462923 1.3330888 0.4143477 1.0538253
16 | 0.1255080 | 0.8000464 | 0.9186586 | 0.5766277 | 1.4467839 1.3707196 0.4009098 1.1501093
17 | 0.1255080 | 0.8000477 | 0.7349720 | 0.4613336 | 1.5165513 1.3307757 0.4116602 1.0681625
18 | 0.1255080 | 0.8000491 | 0.5880148 | 0.3690928 | 1.4527505 1.3547439 0.4030599 1.1297265
19 | 0.1255080 | 0.8000506 | 0.4704425 | 0.2952956 | 1.4973079 1.3290861 0.4099401 1.0772336
20 | 0.1255080 | 0.8000521 | 0.3763792 | 0.2362540 | 1.4563992 1.3443496 0.4044359 1.1165965
21 | 0.1255080 | 0.8000536 | 0.3011241 | 0.1890177 | 1.4848542 1.3278669 0.4088393 1.0829702
22 | 0.1255080 | 0.8000552 | 0.2409164 | 0.1512261 | 1.4586225 1.3375854 0.4053166 1.1081374
23 | 0.1255080 | 0.8000568 | 0.1927472 | 0.1209907 | 1.4767930 1.3269957 0.4081347 1.0865963
24 | 0.1255080 | 0.8000585 | 0.1542094 | 0.0968006 | 1.4599717 1.3331825 0.4058802 1.1026867
25 | 0.1255080 | 0.8000602 | 0.1233771 | 0.0774472 | 1.4715740 1.3263783 0.4076838 1.0888870
26 | 0.1255080 | 0.8000620 | 0.0987095 | 0.0619632 | 1.4607866 1.3303161 0.4062409 1.0991740
27 | 0.1255080 | 0.8000638 | 0.0789741 | 0.0495751 | 1.4681944 1.3259437 0.4073952 1.0903333
28 | 0.1255080 | 0.8000657 | 0.0631846 | 0.0396638 | 1.4612761 1.3284496 0.4064718 1.0969098
29 | 0.1255080 | 0.8000676 | 0.0505521 | 0.0317341 | 1.4660054 1.3256396 0.4072106 1.0912460
30 | 0.1255080 | 0.8000696 | 0.0404453 | 0.0253898 | 1.4615683 1.3272339 0.4066195 1.0954502
31 | 0.1255080 | 0.8000716 | 0.0323592 | 0.0203139 | 1.4645874 1.3254278 0.4070924 1.0918215
32 | 0.1255080 | 0.8000737 | 0.0258898 | 0.0162528 | 1.4617414 1.3264419 0.4067141 1.0945091
33 | 0.1255080 | 0.8000759 | 0.0207139 | 0.0130037 | 1.4636685 1.3252810 0.4070167 1.0921842
34 | 0.1255080 | 0.8000781 | 0.0165728 | 0.0104041 | 1.4618430 1.3259259 0.4067746 1.0939022
35 | 0.1255080 | 0.8000804 | 0.0132596 | 0.0083242 | 1.4630731 1.3251796 0.4069683 1.0924126
36 | 0.1255080 | 0.8000828 | 0.0106088 | 0.0066602 | 1.4619020 1.3255897 0.4068134 1.0935108
37 | 0.1255080 | 0.8000852 | 0.0084880 | 0.0053288 | 1.4626870 1.3251098 0.4069373 1.0925564
38 | 0.1255080 | 0.8000877 | 0.0067911 | 0.0042636 | 1.4619358 1.3253705 0.4068382 1.0932583
39 | 0.1255080 | 0.8000903 | 0.0054335 | 0.0034113 | 1.4624368 1.3250619 0.4069175 1.0926467
40 | 0.1255080 | 0.8000929 | 0.0043474 | 0.0027294 | 1.4619548 1.3252276 0.4068540 1.0930954
41 | 0.1255080 | 0.8000957 | 0.0034783 | 0.0021838 | 1.4622745 1.3250292 0.4069048 1.0927035
42 | 0.1255080 | 0.8000985 | 0.0027830 | 0.0017473 | 1.4619652 1.3251344 0.4068642 1.0929903
43 | 0.1255080 | 0.8001013 | 0.0022267 | 0.0013980 | 1.4621692 1.3250068 0.4068967 1.0927391
44 | 0.1255080 | 0.8001043 | 0.0017816 | 0.0011186 | 1.4619708 1.3250736 0.4068707 1.0929224
45 | 0.1255080 | 0.8001074 | 0.0014255 | 0.0008950 | 1.4621009 1.3249915 0.4068915 1.0927615
46 | 0.1255080 | 0.8001105 | 0.0011405 | 0.0007161 | 1.4619736 1.3250340 0.4068748 1.0928786
47 | 0.1255080 | 0.8001137 | 0.0009126 | 0.0005730 | 1.4620566 1.3249812 0.4068881 1.0927755
48 | 0.1255080 | 0.8001171 | 0.0007302 | 0.0004585 | 1.4619749 1.3250081 0.4068775 1.0928503
49 | 0.1255080 | 0.8001205 | 0.0005842 | 0.0003668 | 1.4620278 1.3249741 0.4068860 1.0927842
50 | 0.1255080 | 0.8001240 | 0.0004675 | 0.0002935 | 1.4619754 1.3249912 0.4068792 1.0928321
51 | 0.1255080 | 0.8001277 | 0.0003740 | 0.0002349 | 1.4620091 1.3249694 0.4068846 1.0927897
52 | 0.1255080 | 0.8001314 | 0.0002993 | 0.0001879 | 1.4619755 1.3249802 0.4068803 1.0928203
53 | 0.1255080 | 0.8001352 | 0.0002395 | 0.0001504 | 1.4619970 1.3249661 0.4068838 1.0927931
54 | 0.1255080 | 0.8001392 | 0.0001916 | 0.0001203 | 1.4619754 1.3249730 0.4068810 1.0928127
55 | 0.1255080 | 0.8001432 | 0.0001533 | 0.0000963 | 1.4619891 1.3249640 0.4068832 1.0927953
56 | 0.1255080 | 0.8001474 | 0.0001227 | 0.0000770 | 1.4619753 1.3249683 0.4068814 1.0928077
57 | 0.1255080 | 0.8001517 | 0.0000982 | 0.0000616 | 1.4619840 1.3249625 0.4068829 1.0927966
1.4619840 1.3249625 0.4068829 1.0927966 

Gradient steepest descent method
                        | Discrepancy |  Error    |
Itr |    tau   |  q     | Norm        |  Estimate |     x[1]      x[2]      x[3]      x[4]
1 | 0.1529052 | 1.1239000 | 40.2947301 | -55.8398978 | 4.0886850 0.5779817 -0.0886850 -0.0978593
2 | 0.0711419 | 0.4656778 | 3.0991503 | 2.4983667 | 2.0264177 1.6956713 0.2386549 1.5171711
3 | 0.1072946 | 0.1159970 | 1.1211990 | 0.0436329 | 1.9102400 1.7377630 0.4540607 1.2960323
4 | 0.2343383 | 0.7901423 | 1.2771442 | 0.9892506 | 1.7014733 1.6136125 0.3544842 1.2850842
5 | 0.0935266 | 0.4546206 | 0.6378250 | 0.0995693 | 1.7146123 1.5592524 0.4049076 1.1923621
6 | 0.1916075 | 1.0231495 | 0.7103611 | -5.4014731 | 1.6048816 1.5074533 0.4044039 1.2069072
7 | 0.0941819 | 0.5474351 | 0.3897837 | 0.0809279 | 1.6175618 1.4662351 0.4085050 1.1559221
8 | 0.1914090 | 1.1151654 | 0.4347468 | -0.7224426 | 1.5494280 1.4368194 0.4044418 1.1624308
9 | 0.0941863 | 0.5488304 | 0.2386095 | 0.0498107 | 1.5571412 1.4116087 0.4077018 1.1312703
10 | 0.1914070 | 1.1153763 | 0.2661396 | -0.4415201 | 1.5155225 1.3934126 0.4054244 1.1354519
11 | 0.0941864 | 0.5488478 | 0.1460702 | 0.0304949 | 1.5202388 1.3779918 0.4073960 1.1163624
12 | 0.1914070 | 1.1153775 | 0.1629234 | -0.2702840 | 1.4947542 1.3668666 0.4059877 1.1189078
13 | 0.0941864 | 0.5488481 | 0.0894202 | 0.0186681 | 1.4976419 1.3574253 0.4071959 1.1072229
14 | 0.1914070 | 1.1153775 | 0.0997373 | -0.1654605 | 1.4820414 1.3506137 0.4063347 1.1087821
15 | 0.0941864 | 0.5488481 | 0.0547406 | 0.0114281 | 1.4838091 1.3448341 0.4070743 1.1016289
16 | 0.1914070 | 1.1153775 | 0.0610565 | -0.1012904 | 1.4742589 1.3406643 0.4065471 1.1025833
17 | 0.0941864 | 0.5488481 | 0.0335107 | 0.0069960 | 1.4753411 1.3371262 0.4069998 1.0982043
18 | 0.1914070 | 1.1153775 | 0.0373771 | -0.0620072 | 1.4694947 1.3345735 0.4066770 1.0987886
19 | 0.0941864 | 0.5488481 | 0.0205143 | 0.0042828 | 1.4701572 1.3324076 0.4069542 1.0961079
20 | 0.1914070 | 1.1153775 | 0.0228812 | -0.0379591 | 1.4665782 1.3308449 0.4067566 1.0964656
21 | 0.0941864 | 0.5488481 | 0.0125583 | 0.0026218 | 1.4669837 1.3295190 0.4069263 1.0948245
22 | 0.1914070 | 1.1153775 | 0.0140073 | -0.0232376 | 1.4647927 1.3285624 0.4068053 1.0950435
23 | 0.0941864 | 0.5488481 | 0.0076879 | 0.0016050 | 1.4650410 1.3277507 0.4069092 1.0940389
24 | 0.1914070 | 1.1153775 | 0.0085749 | -0.0142254 | 1.4636997 1.3271651 0.4068351 1.0941729
25 | 0.0941864 | 0.5488481 | 0.0047063 | 0.0009825 | 1.4638517 1.3266682 0.4068987 1.0935579
26 | 0.1914070 | 1.1153775 | 0.0052493 | -0.0087084 | 1.4630306 1.3263097 0.4068534 1.0936400
27 | 0.0941864 | 0.5488481 | 0.0028811 | 0.0006015 | 1.4631237 1.3260055 0.4068923 1.0932635
28 | 0.1914070 | 1.1153775 | 0.0032135 | -0.0053310 | 1.4626210 1.3257860 0.4068646 1.0933137
29 | 0.0941864 | 0.5488481 | 0.0017637 | 0.0003682 | 1.4626780 1.3255998 0.4068884 1.0930832
30 | 0.1914070 | 1.1153775 | 0.0019672 | -0.0032635 | 1.4623703 1.3254655 0.4068714 1.0931140
31 | 0.0941864 | 0.5488481 | 0.0010797 | 0.0002254 | 1.4624052 1.3253515 0.4068860 1.0929729
32 | 0.1914070 | 1.1153775 | 0.0012043 | -0.0019978 | 1.4622168 1.3252692 0.4068756 1.0929917
33 | 0.0941864 | 0.5488481 | 0.0006610 | 0.0001380 | 1.4622381 1.3251994 0.4068845 1.0929054
34 | 0.1914070 | 1.1153775 | 0.0007372 | -0.0012230 | 1.4621228 1.3251491 0.4068782 1.0929169
35 | 0.0941864 | 0.5488481 | 0.0004046 | 0.0000845 | 1.4621359 1.3251064 0.4068836 1.0928640
36 | 0.1914070 | 1.1153775 | 0.0004513 | -0.0007487 | 1.4620653 1.3250755 0.4068797 1.0928711
37 | 0.0941864 | 0.5488481 | 0.0002477 | 0.0000517 | 1.4620733 1.3250494 0.4068831 1.0928387
38 | 0.1914070 | 1.1153775 | 0.0002763 | -0.0004583 | 1.4620301 1.3250305 0.4068807 1.0928430
39 | 0.0941864 | 0.5488481 | 0.0001516 | 0.0000317 | 1.4620350 1.3250145 0.4068828 1.0928232
40 | 0.1914070 | 1.1153775 | 0.0001691 | -0.0002806 | 1.4620085 1.3250030 0.4068813 1.0928258
41 | 0.0941864 | 0.5488481 | 0.0000928 | 0.0000194 | 1.4620115 1.3249932 0.4068825 1.0928137
1.4620115 1.3249932 0.4068825 1.0928137 

SOR method - search optimal w
w = 0.1000000 Itr = 250
w = 0.2000000 Itr = 120
w = 0.3000000 Itr = 77
w = 0.4000000 Itr = 55
w = 0.5000000 Itr = 42
w = 0.6000000 Itr = 33
w = 0.7000000 Itr = 27
w = 0.8000000 Itr = 22
w = 0.9000000 Itr = 19
w = 1.0000000 Itr = 15
w = 1.1000000 Itr = 12
w = 1.2000000 Itr = 9
w = 1.3000000 Itr = 9
w = 1.4000000 Itr = 11
w = 1.5000000 Itr = 13
w = 1.6000000 Itr = 17
w = 1.7000000 Itr = 22
w = 1.8000000 Itr = 37
w = 1.9000000 Itr = 76

w = 1.2000000 ItrMin = 9
SOR method
                        | Discrepancy |  Error    |
Itr |    tau   |  q     | Norm        |  Estimate |     x[1]      x[2]      x[3]      x[4]
1 | 1.2000000 | 0.8443808 | 12.1654424 | 25.0942418 | 4.1076923 2.7508811 0.4098286 1.8884116
2 | 1.2000000 | 0.4384841 | 3.8010958 | 1.5835963 | 2.3710085 1.8174583 0.5426750 1.4328905
3 | 1.2000000 | 0.3290688 | 1.6524174 | 0.3273016 | 1.8293932 1.5047391 0.4417296 1.2231370
4 | 1.2000000 | 0.4153465 | 0.5877091 | 0.1969074 | 1.5922637 1.3907419 0.4236151 1.1378691
5 | 1.2000000 | 0.3566090 | 0.2154131 | 0.0547847 | 1.5089491 1.3474762 0.4118681 1.1092589
6 | 1.2000000 | 0.3621029 | 0.0745233 | 0.0203168 | 1.4782315 1.3329751 0.4089138 1.0983768
7 | 1.2000000 | 0.3469620 | 0.0263384 | 0.0065978 | 1.4676801 1.3276849 0.4075111 1.0947820
8 | 1.2000000 | 0.3513389 | 0.0090279 | 0.0023631 | 1.4639337 1.3259158 0.4071229 1.0934705
9 | 1.2000000 | 0.3437234 | 0.0031494 | 0.0007854 | 1.4626554 1.3252850 0.4069589 1.0930345
10 | 1.2000000 | 0.3476316 | 0.0010779 | 0.0002778 | 1.4622080 1.3250729 0.4069105 1.0928788
11 | 1.2000000 | 0.3430080 | 0.0003739 | 0.0000934 | 1.4620553 1.3249982 0.4068914 1.0928267
12 | 1.2000000 | 0.3460657 | 0.0001280 | 0.0000327 | 1.4620022 1.3249729 0.4068855 1.0928082
13 | 1.2000000 | 0.3430425 | 0.0000443 | 0.0000111 | 1.4619841 1.3249641 0.4068833 1.0928020
1.4619841 1.3249641 0.4068833 1.0928020 

Conjugate gradient method
                        | Discrepancy |  Error    |
Itr |    tau   |  q     | Norm        |  Estimate |     x[1]      x[2]      x[3]      x[4]
1 | 0.0811541 | 0.5965073 | 10.0237930 | 4.8301029 | 2.6393122 1.2452671 1.3606878 1.8250709 | 1.0000000
2 | 0.1155828 | 0.4008233 | 2.8803917 | 0.8760471 | 2.0492686 1.6760327 0.3098375 1.5476151 | 1.0968408
3 | 0.1156027 | 0.2867744 | 1.0234514 | 0.1510022 | 1.8538146 1.7739283 0.4035613 1.2569794 | 1.0814268
4 | 0.3602778 | 1.6459107 | 0.0000000 | -1.5751060 | 1.4619745 1.3249595 0.4068822 1.0927987 | 1.5719175
1.4619745 1.3249595 0.4068822 1.0927987 

Condition number: 9.5611443
Theoretical estimation of the number of iterations: 
Simple iteration method: 44
Gradient Steepest descent method: 44
SOR method: 7
Conjugate gradient method: 15
