Variant input5b
b
1 2 3 4 
A
6.7 -4.1 1.7 3.6 
-4.1 9.7 -6.8 0.4 
1.7 -6.8 9.6 0.2 
3.6 0.4 0.2 6.2 
Third norm of a matrix 18.0823

Simple iteration method
                        | Discrepancy |  Error    |
Itr |    tau   |  q     | Norm        |  Estimate |     x[1]      x[2]      x[3]      x[4]
1 | 0.0995446 | 0.6298326 | 19.2430330 | 5.8696580 | -0.6922589 2.5474955 1.5366937 1.4317482
2 | 0.0995446 | 0.5552718 | 14.7308487 | 2.3916764 | 0.1355736 0.9874169 2.1798716 1.0623337
3 | 0.0995446 | 0.7655160 | 11.5138212 | 4.7872554 | -0.2018944 1.7216683 1.0196515 0.6735646
4 | 0.0995446 | 0.7816129 | 9.0859876 | 4.1020607 | 0.3210427 0.8393300 1.5300365 0.6395324
5 | 0.0995446 | 0.7891375 | 7.2113008 | 3.3848798 | 0.0609214 1.3692270 0.8676081 0.4640756
6 | 0.0995446 | 0.7936728 | 5.7427351 | 2.7613178 | 0.3655331 0.8398865 1.2444169 0.4822128
7 | 0.0995446 | 0.7963522 | 4.5821848 | 2.2354351 | 0.1806775 1.2003313 0.8509147 0.3935706
8 | 0.0995446 | 0.7979098 | 3.6602807 | 1.8009396 | 0.3645773 0.8744575 1.1104879 0.4193634
9 | 0.0995446 | 0.7988069 | 2.9257381 | 1.4466414 | 0.2396558 1.1129766 0.8697863 0.3711428
10 | 0.0995446 | 0.7993207 | 2.3394618 | 1.1600369 | 0.3534113 0.9091893 1.0426604 0.3927446
11 | 0.0995446 | 0.7996142 | 1.8710588 | 0.9292818 | 0.2711294 1.0647620 0.8927063 0.3649214
12 | 0.0995446 | 0.7997817 | 1.4966177 | 0.7440003 | 0.3425666 0.9361377 1.0058384 0.3805474
13 | 0.0995446 | 0.7998774 | 1.1971928 | 0.5954649 | 0.2891183 1.0368241 0.9113920 0.3637984
14 | 0.0995446 | 0.7999323 | 0.9577112 | 0.4764949 | 0.3343958 0.9552112 0.9847345 0.3744114
15 | 0.0995446 | 0.7999641 | 0.7661525 | 0.3812544 | 0.2999518 1.0201047 0.9248713 0.3640382
16 | 0.0995446 | 0.7999828 | 0.6129177 | 0.3050327 | 0.3288131 0.9681719 0.9721771 0.3710183
17 | 0.0995446 | 0.7999944 | 0.4903354 | 0.2440421 | 0.3067231 1.0099073 0.9340996 0.3644738
18 | 0.0995446 | 0.8000021 | 0.3922722 | 0.1952436 | 0.3251887 0.9768138 0.9645294 0.3689808
19 | 0.0995446 | 0.8000079 | 0.3138229 | 0.1562021 | 0.3110675 1.0036298 0.9402639 0.3648008
20 | 0.0995446 | 0.8000131 | 0.2510641 | 0.1249678 | 0.3229132 0.9825305 0.9598119 0.3676764
21 | 0.0995446 | 0.8000184 | 0.2008575 | 0.0999799 | 0.3139085 0.9997566 0.9443352 0.3649831
22 | 0.0995446 | 0.8000245 | 0.1606924 | 0.0799894 | 0.3215243 0.9863054 0.9568864 0.3668012
23 | 0.0995446 | 0.8000318 | 0.1285605 | 0.0639970 | 0.3157953 0.9973741 0.9470131 0.3650538
24 | 0.0995446 | 0.8000409 | 0.1028551 | 0.0512031 | 0.3207018 0.9888033 0.9550718 0.3661937
25 | 0.0995446 | 0.8000524 | 0.0822910 | 0.0409681 | 0.3170656 0.9959204 0.9487747 0.3650526
26 | 0.0995446 | 0.8000669 | 0.0658398 | 0.0327802 | 0.3202339 0.9904642 0.9539509 0.3657608
27 | 0.0995446 | 0.8000855 | 0.0526790 | 0.0262300 | 0.3179325 0.9950451 0.9499371 0.3650108
28 | 0.0995446 | 0.8001091 | 0.0421506 | 0.0209900 | 0.3199836 0.9915763 0.9532642 0.3654459
29 | 0.0995446 | 0.8001392 | 0.0337279 | 0.0167981 | 0.3185321 0.9945289 0.9507080 0.3649493
30 | 0.0995446 | 0.8001776 | 0.0269900 | 0.0134447 | 0.3198642 0.9923276 0.9528487 0.3652126
31 | 0.0995446 | 0.8002265 | 0.0215998 | 0.0107621 | 0.3189528 0.9942341 0.9512230 0.3648811
32 | 0.0995446 | 0.8002889 | 0.0172878 | 0.0086161 | 0.3198213 0.9928404 0.9526022 0.3650373
33 | 0.0995446 | 0.8003684 | 0.0138383 | 0.0068995 | 0.3192524 0.9940743 0.9515699 0.3648138
34 | 0.0995446 | 0.8004696 | 0.0110790 | 0.0055263 | 0.3198213 0.9931947 0.9524601 0.3649036
35 | 0.0995446 | 0.8005986 | 0.0088716 | 0.0044280 | 0.3194690 0.9939956 0.9518061 0.3647514
36 | 0.0995446 | 0.8007627 | 0.0071059 | 0.0035494 | 0.3198437 0.9934428 0.9523819 0.3648005
37 | 0.0995446 | 0.8009713 | 0.0056935 | 0.0028467 | 0.3196278 0.9939645 0.9519688 0.3646956
38 | 0.0995446 | 0.8012364 | 0.0045638 | 0.0022847 | 0.3198764 0.9936189 0.9523422 0.3647202
39 | 0.0995446 | 0.8015726 | 0.0036601 | 0.0018352 | 0.3197461 0.9939602 0.9520823 0.3646469
40 | 0.0995446 | 0.8019985 | 0.0029374 | 0.0014758 | 0.3199122 0.9937458 0.9523254 0.3646571
41 | 0.0995446 | 0.8025368 | 0.0023594 | 0.0011884 | 0.3198353 0.9939703 0.9521627 0.3646052
42 | 0.0995446 | 0.8032156 | 0.0018971 | 0.0009586 | 0.3199474 0.9938386 0.9523215 0.3646072
43 | 0.0995446 | 0.8040687 | 0.0015274 | 0.0007750 | 0.3199034 0.9939873 0.9522204 0.3645699
44 | 0.0995446 | 0.8051365 | 0.0012318 | 0.0006282 | 0.3199800 0.9939074 0.9523247 0.3645674
45 | 0.0995446 | 0.8064663 | 0.0009954 | 0.0005110 | 0.3199561 0.9940066 0.9522624 0.3645402
46 | 0.0995446 | 0.8081119 | 0.0008064 | 0.0004173 | 0.3200089 0.9939592 0.9523314 0.3645356
47 | 0.0995446 | 0.8101326 | 0.0006553 | 0.0003425 | 0.3199971 0.9940260 0.9522935 0.3645154
48 | 0.0995446 | 0.8125902 | 0.0005344 | 0.0002828 | 0.3200341 0.9939987 0.9523394 0.3645100
49 | 0.0995446 | 0.8155446 | 0.0004377 | 0.0002352 | 0.3200294 0.9940441 0.9523168 0.3644949
50 | 0.0995446 | 0.8190471 | 0.0003603 | 0.0001972 | 0.3200557 0.9940291 0.9523476 0.3644894
51 | 0.0995446 | 0.8231315 | 0.0002983 | 0.0001669 | 0.3200550 0.9940604 0.9523345 0.3644778
52 | 0.0995446 | 0.8278037 | 0.0002485 | 0.0001427 | 0.3200739 0.9940527 0.9523554 0.3644727
53 | 0.0995446 | 0.8330324 | 0.0002084 | 0.0001234 | 0.3200754 0.9940746 0.9523481 0.3644638
54 | 0.0995446 | 0.8387424 | 0.0001761 | 0.0001079 | 0.3200893 0.9940713 0.9523625 0.3644592
55 | 0.0995446 | 0.8448135 | 0.0001498 | 0.0000954 | 0.3200918 0.9940868 0.9523587 0.3644523
56 | 0.0995446 | 0.8510881 | 0.0001285 | 0.0000852 | 0.3201020 0.9940860 0.9523687 0.3644482
57 | 0.0995446 | 0.8573856 | 0.0001109 | 0.0000769 | 0.3201049 0.9940971 0.9523669 0.3644428
58 | 0.0995446 | 0.8635230 | 0.0000964 | 0.0000699 | 0.3201126 0.9940977 0.9523740 0.3644393
0.3201126 0.9940977 0.9523740 0.3644393 

Gradient steepest descent method
                        | Discrepancy |  Error    |
Itr |    tau   |  q     | Norm        |  Estimate |     x[1]      x[2]      x[3]      x[4]
1 | 0.1636661 | 1.0355380 | 44.4940125 | -165.2720691 | -1.7823241 2.9001637 0.5941080 -0.2225859
2 | 0.0577705 | 0.4531909 | 6.8291477 | 2.1303620 | -0.3598076 1.2069010 1.7548417 0.3850163
3 | 0.1177811 | 0.3129208 | 2.8784523 | 0.3663278 | 0.1101057 1.2771888 1.1535826 0.6293506
4 | 0.0834802 | 0.2987446 | 1.6596999 | 0.1023685 | 0.2162936 1.0814548 1.1784131 0.5425357
5 | 0.0984938 | 0.6802930 | 1.1410611 | 0.3478421 | 0.2190875 1.1004529 1.0370667 0.4626924
6 | 0.0839045 | 0.5856741 | 0.6694951 | 0.1353344 | 0.2707110 1.0241705 1.0422900 0.4371013
7 | 0.0985396 | 0.6890710 | 0.4614017 | 0.1462046 | 0.2746405 1.0328610 0.9842251 0.4072720
8 | 0.0839246 | 0.5869624 | 0.2709075 | 0.0550287 | 0.2960645 1.0024045 0.9864533 0.3968837
9 | 0.0985928 | 0.6897594 | 0.1869566 | 0.0593834 | 0.2980831 1.0063157 0.9631570 0.3845829
10 | 0.0840034 | 0.5879923 | 0.1100660 | 0.0224132 | 0.3070607 0.9942623 0.9642475 0.3801584
11 | 0.0988146 | 0.6925265 | 0.0763848 | 0.0244964 | 0.3081850 0.9961817 0.9549760 0.3749256
12 | 0.0843287 | 0.5922534 | 0.0454669 | 0.0093562 | 0.3120906 0.9914983 0.9555972 0.3729462
13 | 0.0997070 | 0.7037836 | 0.0322588 | 0.0107709 | 0.3127900 0.9925871 0.9519392 0.3706020
14 | 0.0855690 | 0.6088957 | 0.0199905 | 0.0042975 | 0.3146255 0.9908149 0.9523767 0.3696437
15 | 0.1027899 | 0.7444049 | 0.0152356 | 0.0059845 | 0.3150976 0.9915719 0.9509308 0.3684879
16 | 0.0890997 | 0.6606370 | 0.0104644 | 0.0026426 | 0.3160912 0.9909114 0.9513219 0.3679719
17 | 0.1092122 | 0.8418764 | 0.0091047 | 0.0060847 | 0.3164166 0.9915594 0.9507275 0.3673185
18 | 0.0936575 | 0.7461468 | 0.0070240 | 0.0025064 | 0.3170553 0.9912973 0.9511254 0.3670147
19 | 0.1139988 | 0.9390230 | 0.0066990 | 0.0123309 | 0.3172699 0.9918889 0.9508542 0.3666004
20 | 0.0955999 | 0.7997991 | 0.0054146 | 0.0025585 | 0.3177309 0.9917601 0.9512333 0.3664072
21 | 0.1153619 | 0.9753564 | 0.0052998 | 0.0247223 | 0.3178759 0.9922731 0.9510839 0.3661180
22 | 0.0960213 | 0.8146944 | 0.0043266 | 0.0022373 | 0.3182296 0.9921930 0.9514141 0.3659825
23 | 0.1156217 | 0.9830280 | 0.0042559 | 0.0289750 | 0.3183350 0.9926199 0.9513158 0.3657654
24 | 0.0960964 | 0.8175384 | 0.0034806 | 0.0018325 | 0.3186142 0.9925624 0.9515908 0.3656633
25 | 0.1156669 | 0.9843901 | 0.0034267 | 0.0253882 | 0.3186950 0.9929111 0.9515186 0.3654937
26 | 0.0961093 | 0.8180328 | 0.0028033 | 0.0014805 | 0.3189180 0.9928670 0.9517432 0.3654138
27 | 0.1156746 | 0.9846237 | 0.0027602 | 0.0207646 | 0.3189817 0.9931495 0.9516874 0.3652790
28 | 0.0961115 | 0.8181173 | 0.0022582 | 0.0011933 | 0.3191607 0.9931147 0.9518693 0.3652154
29 | 0.1156759 | 0.9846635 | 0.0022236 | 0.0167715 | 0.3192116 0.9933428 0.9518251 0.3651074
30 | 0.0961119 | 0.8181317 | 0.0018192 | 0.0009614 | 0.3193556 0.9933150 0.9519720 0.3650565
31 | 0.1156761 | 0.9846703 | 0.0017913 | 0.0135170 | 0.3193965 0.9934989 0.9519367 0.3649696
32 | 0.0961119 | 0.8181342 | 0.0014655 | 0.0007745 | 0.3195124 0.9934766 0.9520551 0.3649287
33 | 0.1156762 | 0.9846714 | 0.0014431 | 0.0108900 | 0.3195452 0.9936248 0.9520268 0.3648588
34 | 0.0961119 | 0.8181346 | 0.0011806 | 0.0006239 | 0.3196386 0.9936069 0.9521222 0.3648259
35 | 0.1156762 | 0.9846716 | 0.0011625 | 0.0087731 | 0.3196650 0.9937263 0.9520994 0.3647696
36 | 0.0961119 | 0.8181347 | 0.0009511 | 0.0005026 | 0.3197402 0.9937118 0.9521763 0.3647431
37 | 0.1156762 | 0.9846717 | 0.0009365 | 0.0070675 | 0.3197615 0.9938080 0.9521579 0.3646977
38 | 0.0961119 | 0.8181347 | 0.0007662 | 0.0004049 | 0.3198221 0.9937964 0.9522199 0.3646764
39 | 0.1156762 | 0.9846717 | 0.0007545 | 0.0056936 | 0.3198393 0.9938739 0.9522051 0.3646398
40 | 0.0961119 | 0.8181347 | 0.0006172 | 0.0003262 | 0.3198881 0.9938645 0.9522550 0.3646226
41 | 0.1156762 | 0.9846717 | 0.0006078 | 0.0045867 | 0.3199019 0.9939270 0.9522430 0.3645932
42 | 0.0961119 | 0.8181347 | 0.0004973 | 0.0002628 | 0.3199412 0.9939194 0.9522833 0.3645794
43 | 0.1156762 | 0.9846717 | 0.0004896 | 0.0036950 | 0.3199524 0.9939697 0.9522737 0.3645557
44 | 0.0961119 | 0.8181347 | 0.0004006 | 0.0002117 | 0.3199840 0.9939637 0.9523061 0.3645445
45 | 0.1156762 | 0.9846717 | 0.0003944 | 0.0029767 | 0.3199930 0.9940042 0.9522983 0.3645254
46 | 0.0961119 | 0.8181347 | 0.0003227 | 0.0001705 | 0.3200185 0.9939993 0.9523244 0.3645164
47 | 0.1156762 | 0.9846717 | 0.0003178 | 0.0023980 | 0.3200257 0.9940319 0.9523182 0.3645010
48 | 0.0961119 | 0.8181347 | 0.0002600 | 0.0001374 | 0.3200463 0.9940280 0.9523392 0.3644938
49 | 0.1156762 | 0.9846717 | 0.0002560 | 0.0019318 | 0.3200521 0.9940543 0.9523342 0.3644814
50 | 0.0961119 | 0.8181347 | 0.0002094 | 0.0001107 | 0.3200687 0.9940511 0.9523511 0.3644755
51 | 0.1156762 | 0.9846717 | 0.0002062 | 0.0015563 | 0.3200734 0.9940723 0.9523471 0.3644656
52 | 0.0961119 | 0.8181347 | 0.0001687 | 0.0000892 | 0.3200867 0.9940697 0.9523607 0.3644609
53 | 0.1156762 | 0.9846717 | 0.0001661 | 0.0012537 | 0.3200905 0.9940868 0.9523574 0.3644528
54 | 0.0961119 | 0.8181347 | 0.0001359 | 0.0000718 | 0.3201012 0.9940847 0.9523684 0.3644490
55 | 0.1156762 | 0.9846717 | 0.0001338 | 0.0010100 | 0.3201043 0.9940985 0.9523658 0.3644425
56 | 0.0961119 | 0.8181347 | 0.0001095 | 0.0000579 | 0.3201129 0.9940968 0.9523747 0.3644395
57 | 0.1156762 | 0.9846717 | 0.0001078 | 0.0008136 | 0.3201154 0.9941079 0.9523726 0.3644343
58 | 0.0961119 | 0.8181347 | 0.0000882 | 0.0000466 | 0.3201224 0.9941066 0.9523797 0.3644318
0.3201224 0.9941066 0.9523797 0.3644318 

SOR method - search optimal w
w = 0.1000000 Itr = 334
w = 0.2000000 Itr = 157
w = 0.3000000 Itr = 99
w = 0.4000000 Itr = 69
w = 0.5000000 Itr = 51
w = 0.6000000 Itr = 40
w = 0.7000000 Itr = 31
w = 0.8000000 Itr = 25
w = 0.9000000 Itr = 20
w = 1.0000000 Itr = 16
w = 1.1000000 Itr = 13
w = 1.2000000 Itr = 10
w = 1.3000000 Itr = 9
w = 1.4000000 Itr = 9
w = 1.5000000 Itr = 12
w = 1.6000000 Itr = 16
w = 1.7000000 Itr = 22
w = 1.8000000 Itr = 36
w = 1.9000000 Itr = 71

w = 1.3000000 ItrMin = 9
SOR method
                        | Discrepancy |  Error    |
Itr |    tau   |  q     | Norm        |  Estimate |     x[1]      x[2]      x[3]      x[4]
1 | 1.3000000 | 0.9029586 | 19.6197299 | 46.0192476 | -2.2985075 0.9246346 0.7784866 1.2635159
2 | 1.3000000 | 0.6184648 | 2.1262172 | 4.9581965 | 0.4797899 0.8960193 0.8531166 -0.0134350
3 | 1.3000000 | 0.1354726 | 1.2527968 | 0.0649333 | 0.4908795 1.0471658 1.0019395 0.3423617
4 | 1.3000000 | 0.4582584 | 0.2560339 | 0.1606289 | 0.3101772 1.0190834 0.9633965 0.3759954
5 | 1.3000000 | 0.1978360 | 0.0475590 | 0.0092652 | 0.3312677 1.0021682 0.9536171 0.3518141
6 | 1.3000000 | 0.2036235 | 0.0414116 | 0.0019559 | 0.3316006 0.9998097 0.9549574 0.3589588
7 | 1.3000000 | 1.1435365 | 0.0123571 | -0.0696909 | 0.3241918 0.9972847 0.9537423 0.3626706
8 | 1.3000000 | 0.3132668 | 0.0050330 | 0.0012501 | 0.3222138 0.9956489 0.9529554 0.3632203
9 | 1.3000000 | 0.4536477 | 0.0032747 | 0.0010322 | 0.3213815 0.9949357 0.9527114 0.3637537
10 | 1.3000000 | 0.6459040 | 0.0016693 | 0.0014647 | 0.3207718 0.9945637 0.9525680 0.3640912
11 | 1.3000000 | 0.4990172 | 0.0008148 | 0.0003991 | 0.3204703 0.9943608 0.9524844 0.3642380
12 | 1.3000000 | 0.4957821 | 0.0004321 | 0.0001953 | 0.3203244 0.9942575 0.9524440 0.3643145
13 | 1.3000000 | 0.5314028 | 0.0002258 | 0.0001197 | 0.3202459 0.9942044 0.9524232 0.3643561
14 | 1.3000000 | 0.5199495 | 0.0001159 | 0.0000595 | 0.3202049 0.9941767 0.9524122 0.3643773
15 | 1.3000000 | 0.5138063 | 0.0000601 | 0.0000298 | 0.3201840 0.9941623 0.9524066 0.3643882
0.3201840 0.9941623 0.9524066 0.3643882 

Conjugate gradient method
                        | Discrepancy |  Error    |
Itr |    tau   |  q     | Norm        |  Estimate |     x[1]      x[2]      x[3]      x[4]
1 | 0.0837318 | 0.5297824 | 15.2213277 | 3.2693160 | -0.4234402 2.4605248 1.7691429 1.8397202 | 1.0000000
2 | 0.0814325 | 0.5742981 | 5.8338726 | 2.2481608 | -0.3216888 1.3330461 1.7955889 0.6170851 | 1.2309495
3 | 0.1426552 | 0.6844858 | 0.0184394 | 2.4746037 | 0.3088342 0.9834063 0.9459602 0.3732571 | 1.2643088
4 | 1.0340342 | 0.0167166 | 0.0000000 | 0.0003242 | 0.3201614 0.9941469 0.9524005 0.3644000 | 1.0000573
0.3201614 0.9941469 0.9524005 0.3644000 

X via LU decomposition: 0.3201614 0.9941469 0.9524005 0.3644000 

Condition number: 18.6991122
Theoretical estimation of the number of iterations: 
Simple iteration method: 86
Gradient Steepest descent method: 86
SOR method: 10
Conjugate gradient method: 21
