Variant input1b
1 2 3 4 
A
7.4 3.6 2.3 -1.7 
3.6 6.2 1.9 -0.1 
2.3 1.9 3.1 -2.4 
-1.7 -0.1 -2.4 6.3 
Third norm of a matrix 12.2919

Simple iteration method
                        | Discrepancy |  Error    |
Itr |    tau   |  q     | Norm        |  Estimate |     x[1]      x[2]      x[3]      x[4]
1 | 0.1464377 | 0.7146152 | 13.0893816 | 9.8010863 | -1.0061970 -0.8262484 2.5899743 2.2281033
2 | 0.1464377 | 0.4897104 | 10.4293387 | 1.8394783 | 0.3485259 0.0592472 3.2054013 1.4059620
3 | 0.1464377 | 0.7967786 | 8.3404958 | 5.9879467 | -0.6435414 -0.7566588 2.5498560 1.9088030
4 | 0.1464377 | 0.7997147 | 6.6714958 | 4.8767555 | 0.2155319 -0.1190414 2.9297697 1.4584351
5 | 0.1464377 | 0.7998920 | 5.3370419 | 3.9051985 | -0.4325309 -0.6255076 2.5121899 1.7802769
6 | 0.1464377 | 0.7999768 | 4.2697427 | 3.1257242 | 0.1094337 -0.2096061 2.7564717 1.4896943
7 | 0.1464377 | 0.8000205 | 3.4159803 | 2.5013258 | -0.3097637 -0.5292402 2.4894802 1.6940532
8 | 0.1464377 | 0.8000436 | 2.7329773 | 2.0014591 | 0.0345996 -0.2604052 2.6456344 1.5070076
9 | 0.1464377 | 0.8000565 | 2.1865578 | 1.6014097 | -0.2350837 -0.4633754 2.4743817 1.6370668
10 | 0.1464377 | 0.8000644 | 1.7493988 | 1.2812938 | -0.0154701 -0.2903430 2.5738836 1.5168437
11 | 0.1464377 | 0.8000698 | 1.3996485 | 1.0251590 | -0.1884987 -0.4196293 2.4638530 1.5997087
12 | 0.1464377 | 0.8000740 | 1.1198275 | 0.8202247 | -0.0481822 -0.3084908 2.5271433 1.5224879
13 | 0.1464377 | 0.8000777 | 0.8959529 | 0.6562586 | -0.1590480 -0.3909681 2.4563814 1.5753096
14 | 0.1464377 | 0.8000812 | 0.7168381 | 0.5250716 | -0.0693125 -0.3196557 2.4965948 1.5257238
15 | 0.1464377 | 0.8000846 | 0.5735337 | 0.4201108 | -0.1403003 -0.3723099 2.4510611 1.5594002
16 | 0.1464377 | 0.8000881 | 0.4588796 | 0.3361331 | -0.0828853 -0.3265735 2.4765926 1.5275623
17 | 0.1464377 | 0.8000917 | 0.3671475 | 0.2689434 | -0.1283237 -0.3601995 2.4472814 1.5490326
18 | 0.1464377 | 0.8000955 | 0.2937545 | 0.2151854 | -0.0915793 -0.3308723 2.4634817 1.5285899
19 | 0.1464377 | 0.8000993 | 0.2350339 | 0.1721738 | -0.1206586 -0.3523493 2.4446077 1.5422771
20 | 0.1464377 | 0.8001034 | 0.1880524 | 0.1377603 | -0.0971400 -0.3335452 2.4548817 1.5291501
21 | 0.1464377 | 0.8001075 | 0.1504630 | 0.1102260 | -0.1157484 -0.3472629 2.4427252 1.5378745
22 | 0.1464377 | 0.8001119 | 0.1203879 | 0.0881955 | -0.1006941 -0.3352061 2.4492375 1.5294445
23 | 0.1464377 | 0.8001164 | 0.0963249 | 0.0705687 | -0.1126013 -0.3439675 2.4414058 1.5350046
24 | 0.1464377 | 0.8001211 | 0.0770721 | 0.0564651 | -0.1029647 -0.3362367 2.4455316 1.5295902
25 | 0.1464377 | 0.8001260 | 0.0616677 | 0.0451806 | -0.1105836 -0.3418322 2.4404849 1.5331331
26 | 0.1464377 | 0.8001311 | 0.0493426 | 0.0361515 | -0.1044148 -0.3368749 2.4430973 1.5296552
27 | 0.1464377 | 0.8001363 | 0.0394811 | 0.0289271 | -0.1092898 -0.3404482 2.4398445 1.5319123
28 | 0.1464377 | 0.8001418 | 0.0315907 | 0.0231466 | -0.1053409 -0.3372692 2.4414977 1.5296779
29 | 0.1464377 | 0.8001476 | 0.0252774 | 0.0185214 | -0.1084601 -0.3395510 2.4394007 1.5311155
30 | 0.1464377 | 0.8001535 | 0.0202260 | 0.0148205 | -0.1059321 -0.3375122 2.4404463 1.5296799
31 | 0.1464377 | 0.8001597 | 0.0161841 | 0.0118592 | -0.1079279 -0.3389690 2.4390940 1.5305954
32 | 0.1464377 | 0.8001661 | 0.0129501 | 0.0094897 | -0.1063096 -0.3376614 2.4397549 1.5296729
33 | 0.1464377 | 0.8001728 | 0.0103624 | 0.0075937 | -0.1075866 -0.3385915 2.4388826 1.5302557
34 | 0.1464377 | 0.8001797 | 0.0082919 | 0.0060766 | -0.1065506 -0.3377528 2.4393001 1.5296628
35 | 0.1464377 | 0.8001870 | 0.0066351 | 0.0048626 | -0.1073676 -0.3383465 2.4387373 1.5300338
36 | 0.1464377 | 0.8001945 | 0.0053094 | 0.0038912 | -0.1067043 -0.3378085 2.4390008 1.5296526
37 | 0.1464377 | 0.8002023 | 0.0042487 | 0.0031139 | -0.1072271 -0.3381875 2.4386376 1.5298887
38 | 0.1464377 | 0.8002104 | 0.0033999 | 0.0024919 | -0.1068025 -0.3378423 2.4388038 1.5296437
39 | 0.1464377 | 0.8002188 | 0.0027207 | 0.0019942 | -0.1071369 -0.3380842 2.4385693 1.5297938
40 | 0.1464377 | 0.8002276 | 0.0021772 | 0.0015959 | -0.1068651 -0.3378627 2.4386741 1.5296363
41 | 0.1464377 | 0.8002367 | 0.0017423 | 0.0012772 | -0.1070791 -0.3380170 2.4385227 1.5297318
42 | 0.1464377 | 0.8002462 | 0.0013943 | 0.0010221 | -0.1069051 -0.3378749 2.4385886 1.5296305
43 | 0.1464377 | 0.8002560 | 0.0011158 | 0.0008180 | -0.1070420 -0.3379734 2.4384909 1.5296912
44 | 0.1464377 | 0.8002663 | 0.0008929 | 0.0006547 | -0.1069305 -0.3378822 2.4385323 1.5296260
45 | 0.1464377 | 0.8002769 | 0.0007146 | 0.0005239 | -0.1070181 -0.3379451 2.4384692 1.5296646
46 | 0.1464377 | 0.8002880 | 0.0005719 | 0.0004193 | -0.1069468 -0.3378865 2.4384952 1.5296227
47 | 0.1464377 | 0.8002995 | 0.0004577 | 0.0003356 | -0.1070028 -0.3379266 2.4384544 1.5296472
48 | 0.1464377 | 0.8003114 | 0.0003663 | 0.0002686 | -0.1069572 -0.3378890 2.4384708 1.5296202
49 | 0.1464377 | 0.8003238 | 0.0002932 | 0.0002150 | -0.1069930 -0.3379146 2.4384444 1.5296358
50 | 0.1464377 | 0.8003367 | 0.0002346 | 0.0001721 | -0.1069638 -0.3378905 2.4384546 1.5296184
51 | 0.1464377 | 0.8003501 | 0.0001878 | 0.0001377 | -0.1069867 -0.3379068 2.4384376 1.5296283
52 | 0.1464377 | 0.8003640 | 0.0001503 | 0.0001103 | -0.1069680 -0.3378913 2.4384440 1.5296171
53 | 0.1464377 | 0.8003785 | 0.0001203 | 0.0000883 | -0.1069827 -0.3379017 2.4384330 1.5296234
54 | 0.1464377 | 0.8003935 | 0.0000963 | 0.0000706 | -0.1069707 -0.3378918 2.4384370 1.5296162
-0.1069707 -0.3378918 2.4384370 1.5296162 

Gradient steepest descent method
                        | Discrepancy |  Error    |
Itr |    tau   |  q     | Norm        |  Estimate |     x[1]      x[2]      x[3]      x[4]
1 | 0.2156722 | 1.0524788 | 28.1451959 | -115.6122268 | -1.9547088 -2.1624730 2.3961179 1.3903666
2 | 0.0850277 | 0.4151362 | 4.0345043 | 1.6986369 | -0.2454568 -0.6293647 3.0349686 1.1737264
3 | 0.1455513 | 0.2453815 | 1.1107666 | 0.1909505 | -0.2313383 -0.4639255 2.7684472 1.6699451
4 | 0.1032968 | 0.1953905 | 0.5178150 | 0.0278630 | -0.1431731 -0.4002843 2.7518390 1.6372983
5 | 0.2372771 | 1.0708303 | 0.5785381 | -1.8575135 | -0.1539261 -0.4163192 2.6305081 1.6387247
6 | 0.1070325 | 0.5039845 | 0.3010573 | 0.0629172 | -0.1139532 -0.3840789 2.6223095 1.6051109
7 | 0.2357051 | 1.1459629 | 0.3465831 | -0.5571167 | -0.1320285 -0.3912341 2.5551215 1.5931408
8 | 0.1074277 | 0.5246932 | 0.1824207 | 0.0411013 | -0.1087152 -0.3691537 2.5497148 1.5750857
9 | 0.2356928 | 1.1547736 | 0.2107347 | -0.3207897 | -0.1212664 -0.3707615 2.5090641 1.5690860
10 | 0.1074634 | 0.5267156 | 0.1110313 | 0.0252029 | -0.1074346 -0.3573321 2.5059549 1.5576178
11 | 0.2357044 | 1.1556236 | 0.1283145 | -0.1943363 | -0.1155273 -0.3581167 2.4814071 1.5535937
12 | 0.1074667 | 0.5269104 | 0.0676124 | 0.0153583 | -0.1071454 -0.3498517 2.4795154 1.5466652
13 | 0.2357066 | 1.1557079 | 0.0781404 | -0.1182866 | -0.1121454 -0.3502309 2.4645837 1.5442407
14 | 0.1074671 | 0.5269300 | 0.0411746 | 0.0093536 | -0.1070543 -0.3451939 2.4634382 1.5400080
15 | 0.2357069 | 1.1557166 | 0.0475862 | -0.0720309 | -0.1101172 -0.3454141 2.4543527 1.5385206
16 | 0.1074671 | 0.5269321 | 0.0250747 | 0.0056962 | -0.1070187 -0.3423436 2.4536555 1.5359442
17 | 0.2357070 | 1.1557175 | 0.0289793 | -0.0438655 | -0.1088872 -0.3424740 2.4481234 1.5350387
18 | 0.1074671 | 0.5269323 | 0.0152701 | 0.0034689 | -0.1070007 -0.3406039 2.4476991 1.5334694
19 | 0.2357070 | 1.1557176 | 0.0176480 | -0.0267134 | -0.1081393 -0.3406828 2.4443305 1.5329176
20 | 0.1074671 | 0.5269323 | 0.0092993 | 0.0021125 | -0.1069906 -0.3395438 2.4440721 1.5319619
21 | 0.2357070 | 1.1557176 | 0.0107473 | -0.0162681 | -0.1076842 -0.3395916 2.4420206 1.5316259
22 | 0.1074671 | 0.5269323 | 0.0056631 | 0.0012865 | -0.1069846 -0.3388980 2.4418633 1.5310439
23 | 0.2357070 | 1.1557176 | 0.0065450 | -0.0099070 | -0.1074070 -0.3389271 2.4406140 1.5308392
24 | 0.1074671 | 0.5269323 | 0.0034488 | 0.0007835 | -0.1069810 -0.3385047 2.4405182 1.5304848
25 | 0.2357070 | 1.1557176 | 0.0039858 | -0.0060332 | -0.1072382 -0.3385225 2.4397574 1.5303602
26 | 0.1074671 | 0.5269323 | 0.0021002 | 0.0004771 | -0.1069788 -0.3382652 2.4396991 1.5301443
27 | 0.2357070 | 1.1557176 | 0.0024273 | -0.0036741 | -0.1071355 -0.3382760 2.4392358 1.5300684
28 | 0.1074671 | 0.5269323 | 0.0012790 | 0.0002906 | -0.1069775 -0.3381193 2.4392002 1.5299370
29 | 0.2357070 | 1.1557176 | 0.0014782 | -0.0022375 | -0.1070729 -0.3381259 2.4389181 1.5298908
30 | 0.1074671 | 0.5269323 | 0.0007789 | 0.0001769 | -0.1069767 -0.3380305 2.4388964 1.5298107
31 | 0.2357070 | 1.1557176 | 0.0009002 | -0.0013626 | -0.1070348 -0.3380345 2.4387246 1.5297826
32 | 0.1074671 | 0.5269323 | 0.0004743 | 0.0001078 | -0.1069762 -0.3379764 2.4387114 1.5297338
33 | 0.2357070 | 1.1557176 | 0.0005482 | -0.0008298 | -0.1070115 -0.3379789 2.4386068 1.5297167
34 | 0.1074671 | 0.5269323 | 0.0002889 | 0.0000656 | -0.1069759 -0.3379435 2.4385988 1.5296870
35 | 0.2357070 | 1.1557176 | 0.0003338 | -0.0005053 | -0.1069974 -0.3379450 2.4385351 1.5296766
36 | 0.1074671 | 0.5269323 | 0.0001759 | 0.0000400 | -0.1069757 -0.3379234 2.4385302 1.5296585
37 | 0.2357070 | 1.1557176 | 0.0002033 | -0.0003077 | -0.1069888 -0.3379243 2.4384914 1.5296521
38 | 0.1074671 | 0.5269323 | 0.0001071 | 0.0000243 | -0.1069756 -0.3379112 2.4384884 1.5296411
39 | 0.2357070 | 1.1557176 | 0.0001238 | -0.0001874 | -0.1069836 -0.3379118 2.4384648 1.5296372
40 | 0.1074671 | 0.5269323 | 0.0000652 | 0.0000148 | -0.1069755 -0.3379038 2.4384629 1.5296305
-0.1069755 -0.3379038 2.4384629 1.5296305 

SOR method - search optimal w
w = 0.1000000 Itr = 149
w = 0.2000000 Itr = 73
w = 0.3000000 Itr = 48
w = 0.4000000 Itr = 35
w = 0.5000000 Itr = 27
w = 0.6000000 Itr = 22
w = 0.7000000 Itr = 18
w = 0.8000000 Itr = 15
w = 0.9000000 Itr = 13
w = 1.0000000 Itr = 11
w = 1.1000000 Itr = 9
w = 1.2000000 Itr = 10
w = 1.3000000 Itr = 11
w = 1.4000000 Itr = 13
w = 1.5000000 Itr = 17
w = 1.6000000 Itr = 21
w = 1.7000000 Itr = 30
w = 1.8000000 Itr = 44
w = 1.9000000 Itr = 93

w = 1.1000000 ItrMin = 9
SOR method
                        | Discrepancy |  Error    |
Itr |    tau   |  q     | Norm        |  Estimate |     x[1]      x[2]      x[3]      x[4]
1 | 1.1000000 | 0.7434053 | 6.0779072 | 11.7968029 | -1.0364865 -0.1234699 5.1001171 2.1257933
2 | 1.1000000 | 0.4146072 | 5.8796954 | 1.1956738 | -0.8881246 -0.7470779 3.5933567 1.7149588
3 | 1.1000000 | 0.6735073 | 1.8452813 | 2.3454946 | -0.1579161 -0.6504732 2.7330863 1.6139791
4 | 1.1000000 | 0.3005793 | 0.4572438 | 0.1468740 | -0.0140318 -0.4638312 2.4898567 1.5681197
5 | 1.1000000 | 0.3214396 | 0.2470817 | 0.0520397 | -0.0567296 -0.3740456 2.4494392 1.5446627
6 | 1.1000000 | 0.4218568 | 0.0826466 | 0.0338157 | -0.0926164 -0.3468945 2.4444878 1.5347554
7 | 1.1000000 | 0.3023557 | 0.0166724 | 0.0060728 | -0.1043680 -0.3406104 2.4419000 1.5312833
8 | 1.1000000 | 0.2510232 | 0.0038365 | 0.0011789 | -0.1065483 -0.3390355 2.4399195 1.5301809
9 | 1.1000000 | 0.3541467 | 0.0016706 | 0.0006831 | -0.1067746 -0.3384004 2.4389352 1.5298226
10 | 1.1000000 | 0.3956198 | 0.0007077 | 0.0003226 | -0.1068458 -0.3380930 2.4385793 1.5296935
11 | 1.1000000 | 0.3826244 | 0.0003060 | 0.0001169 | -0.1069142 -0.3379624 2.4384728 1.5296438
12 | 1.1000000 | 0.3785211 | 0.0001142 | 0.0000435 | -0.1069533 -0.3379154 2.4384413 1.5296248
13 | 1.1000000 | 0.3532176 | 0.0000365 | 0.0000138 | -0.1069686 -0.3379001 2.4384304 1.5296178
-0.1069686 -0.3379001 2.4384304 1.5296178 

Conjugate gradient method
                        | Discrepancy |  Error    |
Itr |    tau   |  q     | Norm        |  Estimate |     x[1]      x[2]      x[3]      x[4]
1 | 0.1160233 | 0.5661929 | 8.7598152 | 4.0475546 | -0.5895191 -0.2392495 2.6751348 2.5961182 | 1.0000000
2 | 0.0995904 | 0.3260978 | 0.8577134 | 0.4893549 | -0.2589945 -0.3808201 2.9436361 1.6898552 | 1.1015569
3 | 0.4837193 | 0.4306399 | 0.3675738 | 0.3293931 | -0.0474773 -0.4529593 2.5764961 1.6196838 | 1.0441389
4 | 0.4400250 | 0.4814238 | 0.0000000 | 0.1946389 | -0.1069754 -0.3378922 2.4384233 1.5296141 | 1.1904816
-0.1069754 -0.3378922 2.4384233 1.5296141 

0.2138834 -0.1004153 -0.0761551 0.0271092 
-0.1004153 0.2639530 -0.1489358 -0.0796439 
-0.0761551 -0.1489358 0.6419601 0.2216424 
0.0271092 -0.0796439 0.2216424 0.2492164 
Condition number: 9.7879884
Theoretical estimation of the number of iterations: 
Simple iteration method: 45
Gradient Steepest descent method: 45
SOR method: 7
Conjugate gradient method: 15
